0 0.418634 0.357544 0.021383 0.010526
0 0.727159 0.359211 0.091919 0.013509
0 0.338378 0.378509 0.010275 0.010351
0 0.707165 0.375175 0.021383 0.010702
0 0.441405 0.392719 0.021383 0.010702
0 0.714524 0.392719 0.023327 0.010702
0 0.257567 0.410526 0.023605 0.010526
0 0.848931 0.410263 0.024993 0.011053
0 0.299361 0.516053 0.009997 0.010702
0 0.401416 0.515614 0.021383 0.011228
0 0.148848 0.550877 0.021105 0.010526
0 0.33213 0.550789 0.021661 0.011053
0 0.447792 0.551667 0.106359 0.01386
0 0.810053 0.551754 0.10386 0.014035
0 0.205637 0.586404 0.078589 0.012105
0 0.577895 0.586053 0.093863 0.012105
0 0.677451 0.585877 0.021383 0.010702
0 0.731741 0.587193 0.024993 0.013684
0 0.765065 0.58807 0.012774 0.012281
0 0.847265 0.585702 0.021661 0.011053
0 0.150097 0.603684 0.021383 0.010877
0 0.185226 0.603772 0.019994 0.011053
0 0.245626 0.603684 0.019717 0.010526
0 0.45779 0.603684 0.021383 0.010877
0 0.512774 0.603421 0.019717 0.011053
0 0.517912 0.622105 0.103305 0.014035
0 0.782838 0.620877 0.021105 0.010526
0 0.835046 0.621053 0.010553 0.010877
0 0.51569 0.642018 0.009997 0.01
0 0.348653 0.693158 0.161899 0.017193
0 0.611636 0.695 0.25243 0.01386
0 0.219245 0.723246 0.059706 0.011053
0 0.735074 0.723158 0.021105 0.010526
0 0.313107 0.742193 0.098028 0.014211
0 0.683144 0.744035 0.009997 0.010175
0 0.638573 0.758421 0.099139 0.015439
0 0.17509 0.794825 0.069703 0.013509
0 0.268398 0.793947 0.081366 0.015614
0 0.158845 0.811491 0.032213 0.015614
0 0.855596 0.828421 0.021105 0.010877
