0 0.627465 0.202982 0.010275 0.010175
0 0.722716 0.199649 0.020828 0.010526
0 0.368509 0.217632 0.071091 0.012105
0 0.710636 0.217544 0.08942 0.01193
0 0.857262 0.220614 0.009997 0.01
0 0.253402 0.235526 0.168009 0.013158
0 0.539156 0.235526 0.101361 0.017719
0 0.151625 0.25386 0.030547 0.014386
0 0.235351 0.252456 0.024715 0.011228
0 0.696334 0.252456 0.023049 0.011228
0 0.290891 0.271491 0.311302 0.014211
0 0.768953 0.270614 0.069981 0.011754
0 0.141072 0.291053 0.010553 0.010175
0 0.655929 0.287719 0.021105 0.010526
0 0.220911 0.306404 0.168564 0.014211
0 0.330047 0.30614 0.019161 0.014035
0 0.467092 0.305789 0.08331 0.012281
0 0.571786 0.306579 0.084421 0.013509
0 0.791308 0.305614 0.068592 0.017895
0 0.176062 0.315702 0.066093 0.032807
0 0.324077 0.323947 0.126631 0.01386
0 0.793668 0.322719 0.021105 0.010702
0 0.705082 0.357544 0.022771 0.010877
0 0.519717 0.375088 0.020828 0.010526
0 0.178145 0.396228 0.016384 0.009298
0 0.353235 0.410351 0.021105 0.010526
0 0.643988 0.41193 0.080533 0.013684
0 0.762705 0.429123 0.098584 0.014035
0 0.280616 0.463333 0.060261 0.015439
0 0.5411 0.490439 0.077478 0.014211
0 0.460567 0.507632 0.193002 0.017018
0 0.319217 0.53614 0.012497 0.009123
0 0.467926 0.536053 0.010553 0.009298
0 0.662733 0.53307 0.014163 0.010702
0 0.188698 0.551579 0.049153 0.014035
0 0.283394 0.551667 0.056929 0.013509
0 0.708275 0.551579 0.179117 0.014035
0 0.379756 0.577719 0.153568 0.014035
0 0.547209 0.576754 0.147459 0.015614
0 0.63163 0.604035 0.103027 0.014035
0 0.3985 0.655877 0.440989 0.020877
0 0.459872 0.688947 0.475423 0.025614
0 0.517912 0.716228 0.258817 0.010702
0 0.79714 0.717719 0.101916 0.013684
0 0.407248 0.747368 0.445154 0.025263
0 0.383088 0.782719 0.307415 0.024386
0 0.643849 0.814912 0.096918 0.014035
0 0.31769 0.848596 0.0411 0.011228
0 0.330464 0.865965 0.024993 0.010877
