0 0.189392 0.164912 0.102749 0.014035
0 0.575396 0.165 0.054985 0.01386
0 0.165371 0.217982 0.055262 0.01386
0 0.833518 0.235526 0.054707 0.013509
0 0.277284 0.289211 0.012497 0.011754
0 0.646071 0.288421 0.201333 0.014035
0 0.748264 0.305877 0.087476 0.01386
0 0.208831 0.322368 0.145515 0.017018
0 0.369758 0.324825 0.013052 0.009649
0 0.292558 0.34114 0.025271 0.013509
0 0.700916 0.340877 0.106637 0.014035
0 0.840878 0.340614 0.039989 0.01386
0 0.216745 0.358246 0.149125 0.014035
0 0.609136 0.384474 0.055818 0.01386
0 0.727298 0.384649 0.102194 0.01386
0 0.200361 0.402193 0.077478 0.01386
0 0.321994 0.402018 0.077478 0.01386
0 0.673424 0.401754 0.040544 0.014035
0 0.729103 0.404298 0.00972 0.01
0 0.858095 0.40114 0.010553 0.010351
0 0.16662 0.421842 0.009997 0.01
0 0.426409 0.419298 0.194668 0.014035
0 0.469314 0.483158 0.321022 0.014035
0 0.661344 0.482544 0.041377 0.035614
0 0.258123 0.522281 0.017495 0.007018
0 0.386976 0.521579 0.091364 0.013684
0 0.302277 0.540263 0.012497 0.011754
0 0.731463 0.539123 0.217717 0.014035
0 0.86115 0.538421 0.005554 0.009123
0 0.208414 0.55693 0.131352 0.014211
0 0.35268 0.556579 0.107192 0.01386
0 0.466954 0.557281 0.017495 0.006842
0 0.592058 0.556228 0.101083 0.013158
0 0.749653 0.556842 0.111913 0.014035
0 0.186476 0.574386 0.097473 0.012982
0 0.338934 0.599386 0.102472 0.015614
0 0.385865 0.617456 0.377951 0.015965
0 0.165232 0.63614 0.056096 0.014035
0 0.525548 0.634561 0.042488 0.010877
0 0.857262 0.635526 0.013885 0.013509
0 0.80797 0.652018 0.014718 0.010702
0 0.217995 0.722281 0.019994 0.010526
0 0.471258 0.722281 0.021105 0.011228
0 0.530547 0.722105 0.019717 0.010877
0 0.479034 0.752193 0.054429 0.012807
0 0.56762 0.751316 0.019994 0.011053
0 0.476118 0.786754 0.16301 0.015965
0 0.494863 0.831053 0.338239 0.019298
0 0.444876 0.859825 0.00722 0.010175
0 0.561233 0.860614 0.156623 0.014211
0 0.8599 0.859474 0.01083 0.010175
0 0.242294 0.878333 0.158567 0.014211
0 0.470425 0.87693 0.144404 0.011053
